1316666090
11330836
1696410275
18979891
1519786869
876017617
991210012
574975364
516689984
1352987933
325531989
1681347663
1826956393
110259962
429640305
861545017
1549717330
1660973945
1363175807
1566333064
1130281013
16322291
1347949788
1107704110
837434243
138516684
1272003033
1973267297
1730060322
579292291
348680064
164791888
505639386
2037064184
1446117549
576486769
1890538814
1732418478
802540260
525968243
252416451
1463929028
1762341366
1316145249
374833194
374728638
1193451619
753209400
172922671
1559366388
